1 10.875941 -0.000312 0.475273
2 -10.875947 0.008780 -11.955451
3 10.875941 -0.093069 0.466029
4 -10.875947 2.340970 -11.724026
5 10.875941 -0.182174 0.438994
6 -10.875946 4.583279 -11.042027
7 10.875941 -0.264365 0.394947
8 -10.875945 6.649396 -9.935710
9 10.875941 -0.336301 0.335828
10 -10.875944 8.459930 -8.447571
11 10.875941 -0.395342 0.263736
12 -10.875942 9.945429 -6.634785
13 10.875941 -0.439234 0.181545
14 -10.875941 11.048716 -4.567036
15 10.875941 -0.466191 0.092363
16 -10.875940 11.727451 -2.323795
17 10.875941 -0.475280 -0.000316
18 -10.875939 11.955459 0.008784
19 10.875941 -0.466036 -0.093072
20 -10.875938 11.724033 2.340974
21 10.875941 -0.439001 -0.182177
22 -10.875937 11.042035 4.583282
23 10.875941 -0.394954 -0.264368
24 -10.875937 9.935718 6.649400
25 10.875941 -0.335835 -0.336305
26 -10.875937 8.447578 8.459934
27 10.875941 -0.263743 -0.395346
28 -10.875936 6.634791 9.945433
29 10.875941 -0.181552 -0.439238
30 -10.875935 4.567042 11.048719
31 10.875941 -0.092369 -0.466195
32 -10.875936 2.323802 11.727455
33 10.875941 0.000309 -0.475284
34 -10.875936 -0.008777 11.955462
35 10.875941 0.093065 -0.466039
36 -10.875936 -2.340967 11.724037
37 10.875941 0.182170 -0.439005
38 -10.875937 -4.583276 11.042039
39 10.875941 0.264361 -0.394957
40 -10.875937 -6.649394 9.935721
41 10.875941 0.336298 -0.335839
42 -10.875938 -8.459927 8.447582
43 10.875941 0.395339 -0.263747
44 -10.875940 -9.945425 6.634795
45 10.875941 0.439231 -0.181556
46 -10.875941 -11.048712 4.567046
47 10.875941 0.466188 -0.092373
48 -10.875942 -11.727448 2.323806
49 10.875941 0.475277 0.000305
50 -10.875943 -11.955455 -0.008773
51 10.875941 0.466032 0.093062
52 -10.875944 -11.724030 -2.340963
53 10.875941 0.438998 0.182167
54 -10.875945 -11.042031 -4.583272
55 10.875941 0.394950 0.264358
56 -10.875946 -9.935714 -6.649390
57 10.875941 0.335832 0.336294
58 -10.875946 -8.447575 -8.459923
59 10.875941 0.263740 0.395335
60 -10.875947 -6.634789 -9.945421
61 10.875941 0.181549 0.439227
62 -10.875948 -4.567039 -11.048708
63 10.875941 0.092366 0.466184
64 -10.875947 -2.323799 -11.727444
65 -0.000039 0.057953 -79.110817
66 -0.000036 15.490603 -77.579414
67 -0.000031 30.327950 -73.066673
68 -0.000025 43.999783 -65.746078
69 -0.000019 55.980724 -55.898846
70 -0.000012 65.810402 -43.903458
71 -0.000004 73.111031 -30.220900
72 0.000004 77.602020 -15.376949
73 0.000012 79.110817 0.057953
74 0.000019 77.579414 15.490603
75 0.000026 73.066673 30.327950
76 0.000031 65.746078 43.999783
77 0.000036 55.898846 55.980724
78 0.000039 43.903458 65.810402
79 0.000040 30.220900 73.111031
80 0.000040 15.376949 77.602020
81 0.000039 -0.057953 79.110817
82 0.000036 -15.490603 77.579414
83 0.000031 -30.327950 73.066673
84 0.000025 -43.999783 65.746078
85 0.000019 -55.980724 55.898846
86 0.000012 -65.810402 43.903458
87 0.000004 -73.111031 30.220900
88 -0.000004 -77.602020 15.376949
89 -0.000012 -79.110817 -0.057953
90 -0.000019 -77.579414 -15.490603
91 -0.000026 -73.066673 -30.327950
92 -0.000031 -65.746078 -43.999783
93 -0.000036 -55.898846 -55.980724
94 -0.000039 -43.903458 -65.810402
95 -0.000040 -30.220900 -73.111031
96 -0.000040 -15.376949 -77.602020
97 -10.875977 15.211482 -76.181458
98 -10.875979 0.056867 -77.685287
99 -10.875972 29.781437 -71.750053
100 -10.875966 43.206928 -64.561287
101 -10.875959 54.971981 -54.891571
102 -10.875953 64.624535 -43.112309
103 -10.875945 71.793640 -29.676321
104 -10.875937 76.203682 -15.099840
105 -10.875930 77.685295 0.056871
106 -10.875922 76.181465 15.211486
107 -10.875916 71.750061 29.781441
108 -10.875911 64.561295 43.206932
109 -10.875906 54.891575 54.971985
110 -10.875903 43.112312 64.624542
111 -10.875901 29.676329 71.793648
112 -10.875902 15.099848 76.203690
113 -10.875903 -0.056864 77.685303
114 -10.875906 -15.211478 76.181473
115 -10.875911 -29.781433 71.750069
116 -10.875916 -43.206928 64.561302
117 -10.875923 -54.971981 54.891579
118 -10.875930 -64.624535 43.112316
119 -10.875937 -71.793640 29.676332
120 -10.875945 -76.203682 15.099852
121 -10.875953 -77.685295 -0.056860
122 -10.875960 -76.181465 -15.211474
123 -10.875966 -71.750061 -29.781429
124 -10.875972 -64.561295 -43.206924
125 -10.875977 -54.891575 -54.971977
126 -10.875979 -43.112312 -64.624527
127 -10.875981 -29.676325 -71.793633
128 -10.875980 -15.099844 -76.203674
129 -10.875977 15.211482 -76.181458
130 -10.875979 0.056867 -77.685287
131 -10.875972 29.781437 -71.750053
132 -10.875966 43.206928 -64.561287
133 -10.875959 54.971981 -54.891571
134 -10.875953 64.624535 -43.112309
135 -10.875945 71.793640 -29.676321
136 -10.875937 76.203682 -15.099840
137 -10.875930 77.685295 0.056871
138 -10.875922 76.181465 15.211486
139 -10.875916 71.750061 29.781441
140 -10.875911 64.561295 43.206932
141 -10.875906 54.891575 54.971985
142 -10.875903 43.112312 64.624542
143 -10.875901 29.676329 71.793648
144 -10.875902 15.099848 76.203690
145 -10.875903 -0.056864 77.685303
146 -10.875906 -15.211478 76.181473
147 -10.875911 -29.781433 71.750069
148 -10.875916 -43.206928 64.561302
149 -10.875923 -54.971981 54.891579
150 -10.875930 -64.624535 43.112316
151 -10.875937 -71.793640 29.676332
152 -10.875945 -76.203682 15.099852
153 -10.875953 -77.685295 -0.056860
154 -10.875960 -76.181465 -15.211474
155 -10.875966 -71.750061 -29.781429
156 -10.875972 -64.561295 -43.206924
157 -10.875977 -54.891575 -54.971977
158 -10.875979 -43.112312 -64.624527
159 -10.875981 -29.676325 -71.793633
160 -10.875980 -15.099844 -76.203674
161 -10.875977 15.211482 -76.181458
162 -10.875979 0.056867 -77.685287
163 -10.875972 29.781437 -71.750053
164 -10.875966 43.206928 -64.561287
165 -10.875959 54.971981 -54.891571
166 -10.875953 64.624535 -43.112309
167 -10.875945 71.793640 -29.676321
168 -10.875937 76.203682 -15.099840
169 -10.875930 77.685295 0.056871
170 -10.875922 76.181465 15.211486
171 -10.875916 71.750061 29.781441
172 -10.875911 64.561295 43.206932
173 -10.875906 54.891575 54.971985
174 -10.875903 43.112312 64.624542
175 -10.875901 29.676329 71.793648
176 -10.875902 15.099848 76.203690
177 -10.875903 -0.056864 77.685303
178 -10.875906 -15.211478 76.181473
179 -10.875911 -29.781433 71.750069
180 -10.875916 -43.206928 64.561302
181 -10.875923 -54.971981 54.891579
182 -10.875930 -64.624535 43.112316
183 -10.875937 -71.793640 29.676332
184 -10.875945 -76.203682 15.099852
185 -10.875953 -77.685295 -0.056860
186 -10.875960 -76.181465 -15.211474
187 -10.875966 -71.750061 -29.781429
188 -10.875972 -64.561295 -43.206924
189 -10.875977 -54.891575 -54.971977
190 -10.875979 -43.112312 -64.624527
191 -10.875981 -29.676325 -71.793633
192 -10.875980 -15.099844 -76.203674
193 -10.875977 15.211482 -76.181458
194 -10.875979 0.056867 -77.685287
195 -10.875972 29.781437 -71.750053
196 -10.875966 43.206928 -64.561287
197 -10.875959 54.971981 -54.891571
198 -10.875953 64.624535 -43.112309
199 -10.875945 71.793640 -29.676321
200 -10.875937 76.203682 -15.099840
201 -10.875930 77.685295 0.056871
202 -10.875922 76.181465 15.211486
203 -10.875916 71.750061 29.781441
204 -10.875911 64.561295 43.206932
205 -10.875906 54.891575 54.971985
206 -10.875903 43.112312 64.624542
207 -10.875901 29.676329 71.793648
208 -10.875902 15.099848 76.203690
209 -10.875903 -0.056864 77.685303
210 -10.875906 -15.211478 76.181473
211 -10.875911 -29.781433 71.750069
212 -10.875916 -43.206928 64.561302
213 -10.875923 -54.971981 54.891579
214 -10.875930 -64.624535 43.112316
215 -10.875937 -71.793640 29.676332
216 -10.875945 -76.203682 15.099852
217 -10.875953 -77.685295 -0.056860
218 -10.875960 -76.181465 -15.211474
219 -10.875966 -71.750061 -29.781429
220 -10.875972 -64.561295 -43.206924
221 -10.875977 -54.891575 -54.971977
222 -10.875979 -43.112312 -64.624527
223 -10.875981 -29.676325 -71.793633
224 -10.875980 -15.099844 -76.203674
225 -10.875977 15.211482 -76.181458
226 -10.875979 0.056867 -77.685287
227 -10.875972 29.781437 -71.750053
228 -10.875966 43.206928 -64.561287
229 -10.875959 54.971981 -54.891571
230 -10.875953 64.624535 -43.112309
231 -10.875945 71.793640 -29.676321
232 -10.875937 76.203682 -15.099840
233 -10.875930 77.685295 0.056871
234 -10.875922 76.181465 15.211486
235 -10.875916 71.750061 29.781441
236 -10.875911 64.561295 43.206932
237 -10.875906 54.891575 54.971985
238 -10.875903 43.112312 64.624542
239 -10.875901 29.676329 71.793648
240 -10.875902 15.099848 76.203690
241 -10.875903 -0.056864 77.685303
242 -10.875906 -15.211478 76.181473
243 -10.875911 -29.781433 71.750069
244 -10.875916 -43.206928 64.561302
245 -10.875923 -54.971981 54.891579
246 -10.875930 -64.624535 43.112316
247 -10.875937 -71.793640 29.676332
248 -10.875945 -76.203682 15.099852
249 -10.875953 -77.685295 -0.056860
250 -10.875960 -76.181465 -15.211474
251 -10.875966 -71.750061 -29.781429
252 -10.875972 -64.561295 -43.206924
253 -10.875977 -54.891575 -54.971977
254 -10.875979 -43.112312 -64.624527
255 -10.875981 -29.676325 -71.793633
256 -10.875980 -15.099844 -76.203674
257 -10.875947 2.340970 -11.724026
258 -10.875947 0.008780 -11.955451
259 -10.875946 4.583279 -11.042027
260 -10.875945 6.649396 -9.935710
261 -10.875944 8.459930 -8.447571
262 -10.875942 9.945429 -6.634785
263 -10.875941 11.048716 -4.567036
264 -10.875940 11.727451 -2.323795
265 -10.875939 11.955459 0.008784
266 -10.875938 11.724033 2.340974
267 -10.875937 11.042035 4.583282
268 -10.875937 9.935718 6.649400
269 -10.875937 8.447578 8.459934
270 -10.875936 6.634791 9.945433
271 -10.875935 4.567042 11.048719
272 -10.875936 2.323802 11.727455
273 -10.875936 -0.008777 11.955462
274 -10.875936 -2.340967 11.724037
275 -10.875937 -4.583276 11.042039
276 -10.875937 -6.649394 9.935721
277 -10.875938 -8.459927 8.447582
278 -10.875940 -9.945425 6.634795
279 -10.875941 -11.048712 4.567046
280 -10.875942 -11.727448 2.323806
281 -10.875943 -11.955455 -0.008773
282 -10.875944 -11.724030 -2.340963
283 -10.875945 -11.042031 -4.583272
284 -10.875946 -9.935714 -6.649390
285 -10.875946 -8.447575 -8.459923
286 -10.875947 -6.634789 -9.945421
287 -10.875948 -4.567039 -11.048708
288 -10.875947 -2.323799 -11.727444
289 -127.841576 2.340988 -11.723969
290 -127.841576 0.008798 -11.955394
291 -127.841576 4.583296 -11.041970
292 -127.841576 6.649414 -9.935653
293 -127.841576 8.459948 -8.447514
294 -127.841568 9.945446 -6.634727
295 -127.841568 11.048733 -4.566978
296 -127.841568 11.727468 -2.323738
297 -127.841568 11.955476 0.008841
298 -127.841568 11.724051 2.341031
299 -127.841568 11.042052 4.583340
300 -127.841568 9.935735 6.649457
301 -127.841560 8.447596 8.459991
302 -127.841560 6.634809 9.945490
303 -127.841560 4.567060 11.048777
304 -127.841560 2.323820 11.727512
305 -127.841560 -0.008759 11.955520
306 -127.841560 -2.340949 11.724094
307 -127.841560 -4.583258 11.042096
308 -127.841560 -6.649376 9.935779
309 -127.841560 -8.459909 8.447639
310 -127.841568 -9.945408 6.634852
311 -127.841568 -11.048695 4.567103
312 -127.841568 -11.727430 2.323863
313 -127.841568 -11.955438 -0.008716
314 -127.841568 -11.724012 -2.340906
315 -127.841568 -11.042014 -4.583215
316 -127.841568 -9.935697 -6.649333
317 -127.841576 -8.447557 -8.459866
318 -127.841576 -6.634771 -9.945364
319 -127.841576 -4.567022 -11.048651
320 -127.841576 -2.323781 -11.727386
321 10.875903 0.056864 -77.685303
322 10.875906 15.211478 -76.181473
323 10.875911 29.781433 -71.750069
324 10.875916 43.206928 -64.561302
325 10.875923 54.971981 -54.891579
326 10.875930 64.624535 -43.112316
327 10.875937 71.793640 -29.676332
328 10.875945 76.203682 -15.099852
329 10.875953 77.685295 0.056860
330 10.875960 76.181465 15.211474
331 10.875966 71.750061 29.781429
332 10.875972 64.561295 43.206924
333 10.875977 54.891575 54.971977
334 10.875979 43.112312 64.624527
335 10.875981 29.676325 71.793633
336 10.875980 15.099844 76.203674
337 10.875979 -0.056867 77.685287
338 10.875977 -15.211482 76.181458
339 10.875972 -29.781437 71.750053
340 10.875966 -43.206928 64.561287
341 10.875959 -54.971981 54.891571
342 10.875953 -64.624535 43.112309
343 10.875945 -71.793640 29.676321
344 10.875937 -76.203682 15.099840
345 10.875930 -77.685295 -0.056871
346 10.875922 -76.181465 -15.211486
347 10.875916 -71.750061 -29.781441
348 10.875911 -64.561295 -43.206932
349 10.875906 -54.891575 -54.971985
350 10.875903 -43.112312 -64.624542
351 10.875901 -29.676329 -71.793648
352 10.875902 -15.099848 -76.203690
353 0.026047 75.287613 23.031126
354 0.026083 308.036163 24.038082
355 0.026024 75.322029 -23.936161
356 0.026060 308.070587 -22.929127
357 5.464018 75.287613 23.031124
358 5.464054 308.036163 24.038080
359 5.463995 75.322029 -23.936163
360 5.464031 308.070587 -22.929129
361 0.026039 -62.048180 48.463192
362 0.026112 -196.368149 238.544891
363 0.026058 -23.594034 75.429855
364 0.026131 -157.914017 265.511566
365 5.464010 -62.048180 48.463188
366 5.464083 -196.368149 238.544891
367 5.464029 -23.594034 75.429855
368 5.464101 -157.914017 265.511566
369 0.025984 -24.352242 -74.870758
370 0.025871 -157.115784 -266.042694
371 0.025992 -62.832722 -47.941616
372 0.025878 -195.596268 -239.113617
373 5.463955 -24.352242 -74.870758
374 5.463841 -157.115784 -266.042694
375 5.463963 -62.832722 -47.941620
376 5.463849 -195.596268 -239.113617
377 70.983749 -38.842659 -38.842682
378 13.795175 -38.842651 -38.842655
379 70.983765 38.842636 -38.842682
380 13.795186 38.842644 -38.842655
381 70.983780 -38.842659 38.842613
382 13.795213 -38.842651 38.842640
383 70.983795 38.842636 38.842613
384 13.795224 38.842644 38.842640
385 26.503704 -51.790226 -51.790234
386 26.503719 51.790218 -51.790234
387 26.503769 51.790218 51.790211
388 26.503754 -51.790226 51.790211
389 72.322662 32.538475 -41.570831
390 73.764420 23.045330 -44.508507
391 74.782410 11.916990 -46.582939
392 75.161125 -0.000011 -47.354507
393 74.782410 -11.917013 -46.582939
394 73.764420 -23.045353 -44.508507
395 72.322647 -32.538498 -41.570831
396 22.308931 -51.755581 -51.755589
397 19.156540 -51.512966 -51.512970
398 16.897840 -50.854507 -50.854511
399 15.383755 -49.572311 -49.572315
400 14.465282 -47.518543 -47.518547
401 13.993734 -44.785656 -44.785660
402 13.819955 -41.605453 -41.605457
403 13.795175 -32.538490 -41.570805
404 13.795174 -23.045343 -44.508480
405 13.795175 -11.917004 -46.582909
406 13.795177 -0.000002 -47.354477
407 13.795178 11.917000 -46.582909
408 13.795181 23.045340 -44.508480
409 13.795184 32.538403 -41.570805
410 31.802633 51.755573 -51.755592
411 37.917942 51.512955 -51.512981
412 44.474503 50.854496 -50.854527
413 51.097179 49.572300 -49.572334
414 57.421925 47.518532 -47.518566
415 63.127911 44.785645 -44.785683
416 67.876968 41.605438 -41.605484
417 72.322701 41.570786 32.538372
418 73.764458 44.508461 23.045305
419 74.782448 46.582890 11.916965
420 75.161156 47.354458 -0.000037
421 74.782433 46.582890 -11.917038
422 73.764442 44.508461 -23.045378
423 72.322670 41.570786 -32.538521
424 13.795190 41.570793 -32.538494
425 13.795195 44.508469 -23.045349
426 13.795200 46.582897 -11.917008
427 13.795206 47.354465 -0.000007
428 13.795212 46.582897 11.916995
429 13.795218 44.508469 23.045334
430 13.795222 41.570793 32.538399
431 31.802683 51.755573 51.755562
432 37.917995 51.512955 51.512943
433 44.474556 50.854496 50.854481
434 51.097225 49.572300 49.572281
435 57.421970 47.518532 47.518513
436 63.127956 44.785645 44.785622
437 67.877014 41.605438 41.605415
438 72.322693 -32.538418 41.570763
439 73.764465 -23.045353 44.508438
440 74.782455 -11.917013 46.582863
441 75.161171 -0.000011 47.354431
442 74.782455 11.916990 46.582863
443 73.764465 23.045330 44.508438
444 72.322708 32.538475 41.570763
445 13.795224 32.538483 41.570789
446 13.795225 23.045340 44.508465
447 13.795224 11.917000 46.582893
448 13.795222 -0.000002 47.354462
449 13.795220 -11.917004 46.582893
450 13.795218 -23.045343 44.508465
451 13.795215 -32.538410 41.570789
452 31.802668 -51.755581 51.755562
453 37.917980 -51.512970 51.512943
454 44.474541 -50.854511 50.854481
455 51.097210 -49.572315 49.572281
456 57.421955 -47.518547 47.518513
457 63.127941 -44.785660 44.785622
458 67.876999 -41.605461 41.605415
459 72.322655 -41.570808 -32.538521
460 73.764427 -44.508484 -23.045378
461 74.782417 -46.582912 -11.917038
462 75.161140 -47.354481 -0.000037
463 74.782433 -46.582912 11.916965
464 73.764442 -44.508484 23.045305
465 72.322685 -41.570808 32.538452
466 13.795209 -41.570801 32.538479
467 13.795204 -44.508476 23.045334
468 13.795198 -46.582905 11.916995
469 13.795193 -47.354473 -0.000007
470 13.795187 -46.582905 -11.917008
471 13.795181 -44.508476 -23.045349
472 13.795177 -41.570801 -32.538414
473 67.876953 -41.605461 -41.605484
474 63.127895 -44.785660 -44.785683
475 57.421909 -47.518547 -47.518566
476 51.097164 -49.572315 -49.572334
477 44.474487 -50.854511 -50.854527
478 37.917927 -51.512970 -51.512981
479 31.802618 -51.755581 -51.755592
480 13.819968 41.605446 -41.605457
481 13.993748 44.785648 -44.785660
482 14.465298 47.518536 -47.518547
483 15.383770 49.572304 -49.572315
484 16.897856 50.854500 -50.854511
485 19.156555 51.512959 -51.512970
486 22.308947 51.755573 -51.755589
487 13.820008 41.605446 41.605442
488 13.993792 44.785648 44.785645
489 14.465343 47.518536 47.518532
490 15.383818 49.572304 49.572300
491 16.897905 50.854500 50.854496
492 19.156605 51.512959 51.512955
493 22.308996 51.755573 51.755566
494 13.819995 -41.605453 41.605442
495 13.993778 -44.785656 44.785645
496 14.465328 -47.518543 47.518532
497 15.383802 -49.572311 49.572300
498 16.897890 -50.854507 50.854496
499 19.156590 -51.512966 51.512955
500 22.308981 -51.755581 51.755566
501 26.503746 -60.287056 40.966862
502 26.503740 -66.356224 28.322723
503 26.503733 -69.997719 14.464833
504 26.503725 -71.211555 -0.000013
505 26.503717 -69.997719 -14.464860
506 26.503714 -66.356224 -28.322750
507 26.503708 -60.287056 -40.966885
508 26.503771 40.966869 60.287041
509 26.503773 28.322733 66.356201
510 26.503773 14.464843 69.997696
511 26.503771 -0.000004 71.211533
512 26.503769 -14.464850 69.997696
513 26.503765 -28.322741 66.356201
514 26.503759 -40.966877 60.287041
515 26.503727 60.287048 -40.966885
516 26.503733 66.356209 -28.322750
517 26.503740 69.997704 -14.464860
518 26.503748 71.211540 -0.000013
519 26.503756 69.997704 14.464833
520 26.503759 66.356209 28.322723
521 26.503765 60.287048 40.966862
522 26.503702 -40.966877 -60.287064
523 26.503700 -28.322741 -66.356232
524 26.503700 -14.464850 -69.997726
525 26.503702 -0.000004 -71.211563
526 26.503704 14.464843 -69.997726
527 26.503708 28.322733 -66.356232
528 26.503714 40.966869 -60.287064
529 22.308929 -40.939377 -60.246899
530 19.156538 -40.746643 -59.966145
531 16.897839 -40.223663 -59.203968
532 15.383752 -39.205128 -57.719795
533 14.465358 -37.597122 -55.309372
534 13.993731 -35.590511 -51.914291
535 13.819954 -33.568829 -47.463936
536 22.308928 -28.303709 -66.312332
537 19.156536 -28.170090 -66.005005
538 16.897837 -27.807529 -65.170822
539 15.383751 -27.101448 -63.546425
540 14.465357 -26.001425 -60.882050
541 13.993731 -24.713404 -56.983025
542 13.819953 -23.556358 -51.637268
543 22.308928 -14.455063 -69.951576
544 19.156536 -14.386776 -69.628792
545 16.897837 -14.201263 -68.752663
546 15.383752 -13.840103 -67.046455
547 14.465357 -13.282246 -64.237122
548 13.993731 -12.656568 -60.065578
549 13.819953 -12.135765 -54.272430
550 22.308929 -0.000003 -71.164711
551 19.156538 -0.000003 -70.836876
552 16.897839 -0.000003 -69.947144
553 15.383753 -0.000002 -68.214455
554 14.465281 -0.000002 -65.359673
555 13.993733 -0.000002 -61.111225
556 13.819955 -0.000002 -55.199448
557 22.308931 14.455055 -69.951576
558 19.156540 14.386770 -69.628792
559 16.897840 14.201258 -68.752663
560 15.383756 13.840099 -67.046455
561 14.465361 13.282242 -64.237122
562 13.993735 12.656564 -60.065578
563 13.819957 12.135761 -54.272430
564 22.308935 28.303701 -66.312332
565 19.156544 28.170082 -66.005005
566 16.897844 27.807526 -65.170822
567 15.383759 27.101444 -63.546425
568 14.465364 26.001421 -60.882050
569 13.993739 24.713400 -56.983025
570 13.819961 23.556355 -51.637268
571 22.308941 40.939289 -60.246899
572 19.156549 40.746635 -59.966145
573 16.897850 40.223579 -59.203968
574 15.383763 39.205120 -57.719795
575 14.465369 37.597115 -55.309372
576 13.993743 35.590504 -51.914291
577 13.819963 33.568821 -47.463936
578 22.308954 60.246883 -40.939304
579 19.156563 59.966133 -40.746647
580 16.897863 59.203957 -40.223667
581 15.383698 57.719784 -39.205132
582 14.465381 55.309361 -37.597126
583 13.993753 51.914280 -35.590515
584 13.819973 47.463924 -33.568832
585 22.308960 66.312325 -28.303717
586 19.156569 66.004997 -28.170095
587 16.897869 65.170815 -27.807535
588 15.383782 63.546413 -27.101454
589 14.465310 60.882038 -26.001431
590 13.993759 56.983013 -24.713409
591 13.819978 51.637257 -23.556364
592 22.308968 69.951569 -14.455070
593 19.156576 69.628784 -14.386783
594 16.897875 68.752655 -14.201269
595 15.383790 67.046448 -13.840109
596 14.465393 64.237114 -13.282250
597 13.993767 60.065567 -12.656572
598 13.819984 54.272419 -12.135770
599 22.308975 71.164703 -0.000011
600 19.156584 70.836868 -0.000009
601 16.897884 69.947136 -0.000008
602 15.383797 68.214447 -0.000008
603 14.465322 65.359665 -0.000007
604 13.993773 61.111214 -0.000007
605 13.819990 55.199436 -0.000007
606 22.308983 69.951569 14.455049
607 19.156591 69.628784 14.386764
608 16.897890 68.752655 14.201252
609 15.383803 67.046448 13.840094
610 14.465406 64.237114 13.282237
611 13.993778 60.065567 12.656559
612 13.819996 54.272419 12.135756
613 22.308987 66.312325 28.303694
614 19.156595 66.004997 28.170076
615 16.897896 65.170815 27.807520
616 15.383809 63.546413 27.101439
617 14.465412 60.882038 26.001415
618 13.993784 56.983013 24.713394
619 13.820001 51.637257 23.556349
620 22.308992 60.246883 40.939281
621 19.156601 59.966133 40.746632
622 16.897902 59.203957 40.223576
623 15.383814 57.719784 39.205116
624 14.465417 55.309361 37.597111
625 13.993788 51.914280 35.590500
626 13.820005 47.463924 33.568817
627 22.308998 40.939289 60.246876
628 19.156607 40.746635 59.966129
629 16.897907 40.223656 59.203953
630 15.383742 39.205120 57.719780
631 14.465423 37.597115 55.309357
632 13.993794 35.590504 51.914276
633 13.820009 33.568821 47.463921
634 22.309000 28.303701 66.312317
635 19.156609 28.170082 66.004990
636 16.897909 27.807526 65.170807
637 15.383821 27.101444 63.546410
638 14.465346 26.001421 60.882034
639 13.993794 24.713400 56.983009
640 13.820010 23.556355 51.637253
641 22.309000 14.455055 69.951561
642 19.156609 14.386770 69.628777
643 16.897909 14.201258 68.752647
644 15.383821 13.840099 67.046440
645 14.465424 13.282242 64.237106
646 13.993794 12.656564 60.065563
647 13.820010 12.135761 54.272415
648 22.308998 -0.000003 71.164696
649 19.156607 -0.000003 70.836861
650 16.897907 -0.000003 69.947128
651 15.383820 -0.000002 68.214439
652 14.465344 -0.000002 65.359657
653 13.993793 -0.000002 61.111210
654 13.820008 -0.000002 55.199432
655 22.308996 -14.455063 69.951561
656 19.156605 -14.386776 69.628777
657 16.897905 -14.201263 68.752647
658 15.383817 -13.840103 67.046440
659 14.465420 -13.282246 64.237106
660 13.993791 -12.656568 60.065563
661 13.820006 -12.135765 54.272415
662 22.308992 -28.303709 66.312317
663 19.156601 -28.170090 66.004990
664 16.897902 -27.807529 65.170807
665 15.383814 -27.101448 63.546410
666 14.465416 -26.001425 60.882034
667 13.993787 -24.713404 56.983009
668 13.820003 -23.556358 51.637253
669 22.308987 -40.939297 60.246876
670 19.156595 -40.746643 59.966129
671 16.897896 -40.223587 59.203953
672 15.383809 -39.205128 57.719780
673 14.465411 -37.597122 55.309357
674 13.993783 -35.590511 51.914276
675 13.820000 -33.568829 47.463921
676 22.308973 -60.246891 40.939281
677 19.156582 -59.966141 40.746632
678 16.897882 -59.203964 40.223652
679 15.383718 -57.719791 39.205116
680 14.465400 -55.309368 37.597111
681 13.993773 -51.914288 35.590500
682 13.819990 -47.463932 33.568817
683 22.308968 -66.312325 28.303694
684 19.156576 -66.004997 28.170076
685 16.897877 -65.170815 27.807520
686 15.383790 -63.546421 27.101439
687 14.465316 -60.882046 26.001415
688 13.993767 -56.983021 24.713394
689 13.819985 -51.637264 23.556349
690 22.308960 -69.951569 14.455049
691 19.156569 -69.628784 14.386764
692 16.897871 -68.752655 14.201252
693 15.383782 -67.046448 13.840094
694 14.465387 -64.237114 13.282237
695 13.993759 -60.065575 12.656559
696 13.819979 -54.272427 12.135756
697 22.308952 -71.164703 -0.000011
698 19.156561 -70.836868 -0.000009
699 16.897861 -69.947136 -0.000008
700 15.383776 -68.214447 -0.000008
701 14.465303 -65.359665 -0.000007
702 13.993753 -61.111221 -0.000007
703 13.819973 -55.199444 -0.000007
704 22.308945 -69.951569 -14.455070
705 19.156631 -69.628784 -14.386783
706 16.897856 -68.752655 -14.201269
707 15.383769 -67.046448 -13.840109
708 14.465374 -64.237114 -13.282250
709 13.993748 -60.065575 -12.656572
710 13.819967 -54.272427 -12.135770
711 22.308941 -66.312325 -28.303717
712 19.156549 -66.004997 -28.170095
713 16.897850 -65.170815 -27.807535
714 15.383763 -63.546421 -27.101454
715 14.465368 -60.882046 -26.001431
716 13.993742 -56.983021 -24.713409
717 13.819963 -51.637264 -23.556364
718 22.308935 -60.246891 -40.939304
719 19.156622 -59.966141 -40.746647
720 16.897844 -59.203964 -40.223667
721 15.383759 -57.719791 -39.205132
722 14.465364 -55.309368 -37.597126
723 13.993738 -51.914288 -35.590515
724 13.819958 -47.463932 -33.568832
725 75.195160 33.541313 -33.541363
726 77.241470 35.370258 -23.537361
727 78.533699 36.853893 -12.126014
728 78.988243 37.443371 -0.000039
729 78.533714 36.853893 12.125937
730 77.241501 35.370258 23.537285
731 75.195190 33.541313 33.541286
732 77.241463 23.537312 -35.370308
733 79.714188 24.560740 -24.560789
734 81.218346 25.486204 -12.578455
735 81.728745 25.880066 -0.000040
736 81.218361 25.486204 12.578375
737 79.714218 24.560740 24.560713
738 77.241493 23.537312 35.370232
739 78.533684 12.125964 -36.853943
740 81.218330 12.578403 -25.486256
741 82.835670 13.018645 -13.018698
742 83.377060 13.215421 -0.000041
743 82.835686 13.018645 13.018618
744 81.218361 12.578403 25.486176
745 78.533714 12.125964 36.853867
746 78.988220 -0.000012 -37.443420
747 81.728722 -0.000012 -25.880117
748 83.377052 -0.000013 -13.215474
749 83.927704 -0.000013 -0.000041
750 83.377068 -0.000013 13.215392
751 81.728752 -0.000012 25.880037
752 78.988251 -0.000012 37.443344
753 78.533684 -12.125987 -36.853943
754 81.218330 -12.578427 -25.486256
755 82.835670 -13.018670 -13.018698
756 83.377060 -13.215446 -0.000041
757 82.835686 -13.018670 13.018618
758 81.218361 -12.578427 25.486176
759 78.533714 -12.125987 36.853867
760 77.241463 -23.537334 -35.370308
761 79.714188 -24.560762 -24.560789
762 81.218330 -25.486227 -12.578455
763 81.728729 -25.880089 -0.000040
764 81.218346 -25.486227 12.578375
765 79.714218 -24.560762 24.560713
766 77.241493 -23.537334 35.370232
767 75.195145 -33.541336 -33.541363
768 77.241455 -35.370281 -23.537361
769 78.533684 -36.853916 -12.126014
770 78.988228 -37.443394 -0.000039
771 78.533699 -36.853916 12.125937
772 77.241486 -35.370281 23.537285
773 75.195175 -33.541336 33.541286
774 13.795220 33.541321 33.541317
775 13.795217 35.370266 23.537315
776 13.795211 36.853901 12.125969
777 13.795205 37.443378 -0.000007
778 13.795199 36.853901 -12.125982
779 13.795194 35.370266 -23.537331
780 13.795188 33.541321 -33.541332
781 13.795220 23.537321 35.370262
782 13.795216 24.560749 24.560743
783 13.795209 25.486214 12.578408
784 13.795203 25.880075 -0.000007
785 13.795197 25.486214 -12.578422
786 13.795191 24.560749 -24.560759
787 13.795186 23.537321 -35.370277
788 13.795219 12.125974 36.853897
789 13.795214 12.578413 25.486208
790 13.795208 13.018656 13.018651
791 13.795201 13.215431 -0.000007
792 13.795195 13.018656 -13.018664
793 13.795189 12.578413 -25.486223
794 13.795183 12.125974 -36.853912
795 13.795218 -0.000002 37.443375
796 13.795212 -0.000002 25.880070
797 13.795206 -0.000002 13.215426
798 13.795199 -0.000002 -0.000007
799 13.795193 -0.000002 -13.215440
800 13.795187 -0.000002 -25.880085
801 13.795181 -0.000002 -37.443390
802 13.795216 -12.125978 36.853897
803 13.795210 -12.578494 25.486208
804 13.795204 -13.018660 13.018651
805 13.795197 -13.215435 -0.000007
806 13.795191 -13.018660 -13.018664
807 13.795185 -12.578494 -25.486223
808 13.795179 -12.125978 -36.853912
809 13.795213 -23.537325 35.370262
810 13.795208 -24.560753 24.560743
811 13.795201 -25.486217 12.578408
812 13.795196 -25.880079 -0.000007
813 13.795190 -25.486217 -12.578422
814 13.795183 -24.560753 -24.560759
815 13.795178 -23.537325 -35.370277
816 13.795211 -33.541328 33.541317
817 13.795205 -35.370274 23.537315
818 13.795199 -36.853909 12.125969
819 13.795194 -37.443386 -0.000007
820 13.795188 -36.853909 -12.125982
821 13.795182 -35.370274 -23.537331
822 13.795178 -33.541328 -33.541332
823 68.370216 -47.463940 33.568790
824 63.377464 -51.914295 35.590477
825 57.551689 -55.309372 37.597092
826 51.161606 -57.719795 39.205097
827 44.501644 -59.203968 40.223637
828 37.925972 -59.966145 40.746620
829 31.803669 -60.246891 40.939358
830 69.270042 -51.637272 23.556322
831 63.897404 -56.983028 24.713371
832 57.833447 -60.882050 26.001394
833 51.303135 -63.546425 27.101421
834 44.561378 -65.170822 27.807507
835 37.943676 -66.005005 28.170067
836 31.805918 -66.312332 28.303690
837 70.000359 -54.272434 12.135729
838 64.369339 -60.065582 12.656534
839 58.109219 -64.237122 13.282215
840 51.444675 -67.046455 13.840076
841 44.621109 -68.752663 14.201239
842 37.961384 -69.628792 14.386755
843 31.808084 -69.951576 14.455044
844 70.290657 -55.199451 -0.000034
845 64.570694 -61.111229 -0.000032
846 58.232883 -65.359673 -0.000028
847 51.509071 -68.214455 -0.000025
848 44.648212 -69.947144 -0.000022
849 37.969452 -70.836876 -0.000019
850 31.809086 -71.164711 -0.000016
851 70.000343 -54.272434 -12.135798
852 64.369324 -60.065582 -12.656597
853 58.109203 -64.237122 -13.282272
854 51.444660 -67.046455 -13.840126
855 44.621094 -68.752663 -14.201283
856 37.961369 -69.628792 -14.386791
857 31.808069 -69.951576 -14.455074
858 69.270012 -51.637272 -23.556391
859 63.897381 -56.983028 -24.713432
860 57.833424 -60.882050 -26.001451
861 51.303112 -63.546425 -27.101471
862 44.561348 -65.170822 -27.807549
863 37.943645 -66.005005 -28.170105
864 31.805891 -66.312332 -28.303720
865 68.370186 -47.463940 -33.568859
866 63.377426 -51.914295 -35.590538
867 57.551651 -55.309372 -37.597145
868 51.161568 -57.719795 -39.205151
869 44.501606 -59.203968 -40.223682
870 37.925934 -59.966145 -40.746658
871 31.803631 -60.246891 -40.939308
872 68.370239 33.568813 47.463894
873 63.377483 35.590496 51.914253
874 57.551708 37.597111 55.309338
875 51.161629 39.205116 57.719761
876 44.501671 40.223652 59.203938
877 37.925999 40.746632 59.966118
878 31.803694 40.939369 60.246872
879 69.270058 23.556347 51.637226
880 63.897430 24.713392 56.982986
881 57.833477 26.001413 60.882015
882 51.303169 27.101439 63.546391
883 44.561409 27.807520 65.170792
884 37.943707 28.170080 66.004982
885 31.805950 28.303699 66.312309
886 70.000381 12.135753 54.272388
887 64.369370 12.656556 60.065540
888 58.109257 13.282235 64.237083
889 51.444717 13.840094 67.046425
890 44.621151 14.201254 68.752632
891 37.961426 14.386767 69.628769
892 31.808125 14.455054 69.951553
893 70.290695 -0.000011 55.199406
894 64.570732 -0.000010 61.111187
895 58.232925 -0.000009 65.359634
896 51.509117 -0.000008 68.214424
897 44.648258 -0.000007 69.947113
898 37.969498 -0.000006 70.836853
899 31.809132 -0.000005 71.164688
900 70.000381 -12.135774 54.272388
901 64.369370 -12.656575 60.065540
902 58.109249 -13.282252 64.237083
903 51.444710 -13.840109 67.046425
904 44.621143 -14.201267 68.752632
905 37.961418 -14.386779 69.628769
906 31.808121 -14.455064 69.951553
907 69.270058 -23.556366 51.637226
908 63.897423 -24.713411 56.982986
909 57.833469 -26.001432 60.882015
910 51.303162 -27.101454 63.546391
911 44.561401 -27.807535 65.170792
912 37.943699 -28.170092 66.004982
913 31.805943 -28.303711 66.312309
914 68.370224 -33.568836 47.463894
915 63.377476 -35.590519 51.914253
916 57.551701 -37.597126 55.309338
917 51.161613 -39.205132 57.719761
918 44.501656 -40.223667 59.203938
919 37.925983 -40.746647 59.966118
920 31.803682 -40.939297 60.246872
921 68.370201 47.463917 -33.568859
922 63.377441 51.914272 -35.590538
923 57.551666 55.309357 -37.597145
924 51.161583 57.719780 -39.205151
925 44.501621 59.203953 -40.223682
926 37.925949 59.966129 -40.746658
927 31.803650 60.246883 -40.939388
928 69.270027 51.637249 -23.556391
929 63.897396 56.983006 -24.713432
930 57.833439 60.882034 -26.001451
931 51.303135 63.546410 -27.101471
932 44.561371 65.170807 -27.807549
933 37.943668 66.004990 -28.170105
934 31.805910 66.312317 -28.303720
935 70.000359 54.272411 -12.135798
936 64.369339 60.065559 -12.656597
937 58.109226 64.237106 -13.282272
938 51.444683 67.046440 -13.840126
939 44.621117 68.752647 -14.201283
940 37.961391 69.628777 -14.386791
941 31.808092 69.951561 -14.455074
942 70.290672 55.199429 -0.000034
943 64.570709 61.111206 -0.000032
944 58.232906 65.359657 -0.000028
945 51.509094 68.214439 -0.000025
946 44.648235 69.947128 -0.000022
947 37.969475 70.836861 -0.000019
948 31.809109 71.164696 -0.000016
949 70.000374 54.272411 12.135729
950 64.369354 60.065559 12.656534
951 58.109241 64.237106 13.282215
952 51.444698 67.046440 13.840076
953 44.621132 68.752647 14.201239
954 37.961407 69.628777 14.386755
955 31.808107 69.951561 14.455044
956 69.270058 51.637249 23.556322
957 63.897419 56.983006 24.713371
958 57.833462 60.882034 26.001394
959 51.303158 63.546410 27.101421
960 44.561401 65.170807 27.807507
961 37.943699 66.004990 28.170067
962 31.805937 66.312317 28.303690
963 68.370232 47.463917 33.568790
964 63.377480 51.914272 35.590477
965 57.551704 55.309357 37.597092
966 51.161621 57.719780 39.205097
967 44.501659 59.203953 40.223637
968 37.925987 59.966129 40.746620
969 31.803688 60.246883 40.939278
970 68.370178 -33.568836 -47.463963
971 63.377422 -35.590519 -51.914314
972 57.551647 -37.597126 -55.309391
973 51.161560 -39.205132 -57.719814
974 44.501595 -40.223591 -59.203983
975 37.925922 -40.746647 -59.966156
976 31.803625 -40.939297 -60.246902
977 69.270012 -23.556366 -51.637295
978 63.897369 -24.713411 -56.983047
979 57.833408 -26.001432 -60.882069
980 51.303101 -27.101454 -63.546444
981 44.561340 -27.807535 -65.170837
982 37.943638 -28.170092 -66.005013
983 31.805878 -28.303711 -66.312340
984 70.000336 -12.135774 -54.272457
985 64.369308 -12.656575 -60.065601
986 58.109188 -13.282252 -64.237144
987 51.444641 -13.840109 -67.046471
988 44.621075 -14.201267 -68.752678
989 37.961349 -14.386779 -69.628799
990 31.808052 -14.455064 -69.951584
991 70.290634 -0.000011 -55.199474
992 64.570671 -0.000010 -61.111248
993 58.232864 -0.000009 -65.359695
994 51.509048 -0.000008 -68.214470
995 44.648190 -0.000007 -69.947159
996 37.969429 -0.000006 -70.836884
997 31.809063 -0.000005 -71.164719
998 70.000336 12.135753 -54.272457
999 64.369308 12.656556 -60.065601
1000 58.109196 13.282235 -64.237144
1001 51.444649 13.840094 -67.046471
1002 44.621082 14.201254 -68.752678
1003 37.961357 14.386767 -69.628799
1004 31.808056 14.455054 -69.951584
1005 69.270012 23.556347 -51.637295
1006 63.897377 24.713392 -56.983047
1007 57.833416 26.001413 -60.882069
1008 51.303108 27.101439 -63.546444
1009 44.561348 27.807520 -65.170837
1010 37.943645 28.170080 -66.005013
1011 31.805885 28.303699 -66.312340
1012 68.370193 33.568813 -47.463963
1013 63.377430 35.590496 -51.914314
1014 57.551655 37.597111 -55.309391
1015 51.161575 39.205116 -57.719814
1016 44.501610 40.223652 -59.203983
1017 37.925938 40.746632 -59.966156
1018 31.803637 40.939289 -60.246902
Faces:
65 98 97 66.
66 97 99 67.
67 99 100 68.
68 100 101 69.
69 101 102 70.
70 102 103 71.
71 103 104 72.
72 104 105 73.
73 105 106 74.
74 106 107 75.
75 107 108 76.
76 108 109 77.
77 109 110 78.
78 110 111 79.
79 111 112 80.
80 112 113 81.
81 113 114 82.
82 114 115 83.
83 115 116 84.
84 116 117 85.
85 117 118 86.
86 118 119 87.
87 119 120 88.
88 120 121 89.
89 121 122 90.
90 122 123 91.
91 123 124 92.
92 124 125 93.
93 125 126 94.
94 126 127 95.
8 6 259 260.
95 127 128 96.
96 128 98 65.
1 3 5 7 9 11 13 15 17 19 21 23 25 27 29 31 33 35 37 39 41 43 45 47 49 51 53 55 57 59 61 63.
352 96 65 321.
351 95 96 352.
350 94 95 351.
349 93 94 350.
348 92 93 349.
347 91 92 348.
346 90 91 347.
345 89 90 346.
344 88 89 345.
343 87 88 344.
342 86 87 343.
341 85 86 342.
340 84 85 341.
339 83 84 340.
338 82 83 339.
337 81 82 338.
336 80 81 337.
335 79 80 336.
334 78 79 335.
333 77 78 334.
332 76 77 333.
331 75 76 332.
330 74 75 331.
329 73 74 330.
328 72 73 329.
327 71 72 328.
326 70 71 327.
325 69 70 326.
324 68 69 325.
323 67 68 324.
322 66 67 323.
321 65 66 322.
130 129 97 98.
129 131 99 97.
131 132 100 99.
132 133 101 100.
133 134 102 101.
134 135 103 102.
135 136 104 103.
136 137 105 104.
137 138 106 105.
138 139 107 106.
139 140 108 107.
140 141 109 108.
141 142 110 109.
142 143 111 110.
143 144 112 111.
144 145 113 112.
145 146 114 113.
146 147 115 114.
147 148 116 115.
148 149 117 116.
149 150 118 117.
150 151 119 118.
151 152 120 119.
152 153 121 120.
153 154 122 121.
154 155 123 122.
155 156 124 123.
156 157 125 124.
157 158 126 125.
158 159 127 126.
159 160 128 127.
160 130 98 128.
162 161 129 130.
161 163 131 129.
163 164 132 131.
164 165 133 132.
165 166 134 133.
166 167 135 134.
167 168 136 135.
168 169 137 136.
169 170 138 137.
170 171 139 138.
171 172 140 139.
172 173 141 140.
173 174 142 141.
174 175 143 142.
175 176 144 143.
176 177 145 144.
177 178 146 145.
178 179 147 146.
179 180 148 147.
180 181 149 148.
181 182 150 149.
182 183 151 150.
183 184 152 151.
184 185 153 152.
185 186 154 153.
186 187 155 154.
187 188 156 155.
188 189 157 156.
189 190 158 157.
190 191 159 158.
191 192 160 159.
192 162 130 160.
194 193 161 162.
193 195 163 161.
195 196 164 163.
196 197 165 164.
197 198 166 165.
198 199 167 166.
199 200 168 167.
200 201 169 168.
201 202 170 169.
202 203 171 170.
203 204 172 171.
204 205 173 172.
205 206 174 173.
206 207 175 174.
207 208 176 175.
208 209 177 176.
209 210 178 177.
210 211 179 178.
211 212 180 179.
212 213 181 180.
213 214 182 181.
214 215 183 182.
215 216 184 183.
216 217 185 184.
217 218 186 185.
218 219 187 186.
219 220 188 187.
220 221 189 188.
221 222 190 189.
222 223 191 190.
223 224 192 191.
224 194 162 192.
226 225 193 194.
225 227 195 193.
227 228 196 195.
228 229 197 196.
229 230 198 197.
230 231 199 198.
231 232 200 199.
232 233 201 200.
233 234 202 201.
234 235 203 202.
235 236 204 203.
236 237 205 204.
237 238 206 205.
238 239 207 206.
239 240 208 207.
240 241 209 208.
241 242 210 209.
242 243 211 210.
243 244 212 211.
244 245 213 212.
245 246 214 213.
246 247 215 214.
247 248 216 215.
248 249 217 216.
249 250 218 217.
250 251 219 218.
251 252 220 219.
252 253 221 220.
253 254 222 221.
254 255 223 222.
255 256 224 223.
256 226 194 224.
2 4 225 226.
4 6 227 225.
6 8 228 227.
8 10 229 228.
10 12 230 229.
12 14 231 230.
14 16 232 231.
16 18 233 232.
18 20 234 233.
20 22 235 234.
22 24 236 235.
24 26 237 236.
26 28 238 237.
28 30 239 238.
30 32 240 239.
32 34 241 240.
34 36 242 241.
36 38 243 242.
38 40 244 243.
40 42 245 244.
42 44 246 245.
44 46 247 246.
46 48 248 247.
48 50 249 248.
50 52 250 249.
52 54 251 250.
54 56 252 251.
56 58 253 252.
58 60 254 253.
60 62 255 254.
62 64 256 255.
64 2 226 256.
281 280 312 313.
62 60 286 287.
36 34 273 274.
10 8 260 261.
64 62 287 288.
38 36 274 275.
12 10 261 262.
2 64 288 258.
40 38 275 276.
14 12 262 263.
42 40 276 277.
16 14 263 264.
44 42 277 278.
18 16 264 265.
46 44 278 279.
20 18 265 266.
48 46 279 280.
22 20 266 267.
50 48 280 281.
24 22 267 268.
52 50 281 282.
26 24 268 269.
54 52 282 283.
28 26 269 270.
56 54 283 284.
30 28 270 271.
4 2 258 257.
58 56 284 285.
32 30 271 272.
6 4 257 259.
60 58 285 286.
34 32 272 273.
289 290 320 319 318 317 316 315 314 313 312 311 310 309 308 307 306 305 304 303 302 301 300 299 298 297 296 295 294 293 292 291.
268 267 299 300.
282 281 313 314.
269 268 300 301.
283 282 314 315.
270 269 301 302.
284 283 315 316.
271 270 302 303.
257 258 290 289.
285 284 316 317.
272 271 303 304.
259 257 289 291.
286 285 317 318.
273 272 304 305.
260 259 291 292.
287 286 318 319.
274 273 305 306.
261 260 292 293.
288 287 319 320.
275 274 306 307.
262 261 293 294.
258 288 320 290.
276 275 307 308.
263 262 294 295.
277 276 308 309.
264 263 295 296.
278 277 309 310.
265 264 296 297.
279 278 310 311.
266 265 297 298.
280 279 311 312.
267 266 298 299.
3 1 321 322.
5 3 322 323.
7 5 323 324.
9 7 324 325.
11 9 325 326.
13 11 326 327.
15 13 327 328.
17 15 328 329.
19 17 329 330.
21 19 330 331.
23 21 331 332.
25 23 332 333.
27 25 333 334.
29 27 334 335.
31 29 335 336.
33 31 336 337.
35 33 337 338.
37 35 338 339.
39 37 339 340.
41 39 340 341.
43 41 341 342.
45 43 342 343.
47 45 343 344.
49 47 344 345.
51 49 345 346.
53 51 346 347.
55 53 347 348.
57 55 348 349.
59 57 349 350.
61 59 350 351.
63 61 351 352.
1 63 352 321.
353 354 356 355.
357 359 360 358.
353 355 359 357.
354 353 357 358.
356 354 358 360.
355 356 360 359.
361 362 364 363.
365 367 368 366.
361 363 367 365.
362 361 365 366.
364 362 366 368.
363 364 368 367.
369 370 372 371.
373 375 376 374.
369 371 375 373.
370 369 373 374.
372 370 374 376.
371 372 376 375.
529 530 537 536.
530 531 538 537.
531 532 539 538.
532 533 540 539.
533 534 541 540.
534 535 542 541.
536 537 544 543.
537 538 545 544.
538 539 546 545.
539 540 547 546.
540 541 548 547.
541 542 549 548.
543 544 551 550.
544 545 552 551.
545 546 553 552.
546 547 554 553.
547 548 555 554.
548 549 556 555.
550 551 558 557.
551 552 559 558.
552 553 560 559.
553 554 561 560.
554 555 562 561.
555 556 563 562.
557 558 565 564.
558 559 566 565.
559 560 567 566.
560 561 568 567.
561 562 569 568.
562 563 570 569.
564 565 572 571.
565 566 573 572.
566 567 574 573.
567 568 575 574.
568 569 576 575.
569 570 577 576.
385 396 529 522.
396 397 530 529.
397 398 531 530.
398 399 532 531.
399 400 533 532.
400 401 534 533.
401 402 535 534.
402 378 403 535.
535 403 404 542.
542 404 405 549.
549 405 406 556.
556 406 407 563.
563 407 408 570.
570 408 409 577.
577 409 380 480.
576 577 480 481.
575 576 481 482.
574 575 482 483.
573 574 483 484.
572 573 484 485.
571 572 485 486.
528 571 486 386.
527 564 571 528.
526 557 564 527.
525 550 557 526.
524 543 550 525.
523 536 543 524.
522 529 536 523.
578 579 586 585.
579 580 587 586.
580 581 588 587.
581 582 589 588.
582 583 590 589.
583 584 591 590.
585 586 593 592.
586 587 594 593.
587 588 595 594.
588 589 596 595.
589 590 597 596.
590 591 598 597.
592 593 600 599.
593 594 601 600.
594 595 602 601.
595 596 603 602.
596 597 604 603.
597 598 605 604.
599 600 607 606.
600 601 608 607.
601 602 609 608.
602 603 610 609.
603 604 611 610.
604 605 612 611.
606 607 614 613.
607 608 615 614.
608 609 616 615.
609 610 617 616.
610 611 618 617.
611 612 619 618.
613 614 621 620.
614 615 622 621.
615 616 623 622.
616 617 624 623.
617 618 625 624.
618 619 626 625.
386 486 578 515.
486 485 579 578.
485 484 580 579.
484 483 581 580.
483 482 582 581.
482 481 583 582.
481 480 584 583.
480 380 424 584.
584 424 425 591.
591 425 426 598.
598 426 427 605.
605 427 428 612.
612 428 429 619.
619 429 430 626.
626 430 384 487.
625 626 487 488.
624 625 488 489.
623 624 489 490.
622 623 490 491.
621 622 491 492.
620 621 492 493.
521 620 493 387.
520 613 620 521.
519 606 613 520.
518 599 606 519.
517 592 599 518.
516 585 592 517.
515 578 585 516.
627 628 635 634.
628 629 636 635.
629 630 637 636.
630 631 638 637.
631 632 639 638.
632 633 640 639.
634 635 642 641.
635 636 643 642.
636 637 644 643.
637 638 645 644.
638 639 646 645.
639 640 647 646.
641 642 649 648.
642 643 650 649.
643 644 651 650.
644 645 652 651.
645 646 653 652.
646 647 654 653.
648 649 656 655.
649 650 657 656.
650 651 658 657.
651 652 659 658.
652 653 660 659.
653 654 661 660.
655 656 663 662.
656 657 664 663.
657 658 665 664.
658 659 666 665.
659 660 667 666.
660 661 668 667.
662 663 670 669.
663 664 671 670.
664 665 672 671.
665 666 673 672.
666 667 674 673.
667 668 675 674.
387 493 627 508.
493 492 628 627.
492 491 629 628.
491 490 630 629.
490 489 631 630.
489 488 632 631.
488 487 633 632.
487 384 445 633.
633 445 446 640.
640 446 447 647.
647 447 448 654.
654 448 449 661.
661 449 450 668.
668 450 451 675.
675 451 382 494.
674 675 494 495.
673 674 495 496.
672 673 496 497.
671 672 497 498.
670 671 498 499.
669 670 499 500.
514 669 500 388.
513 662 669 514.
512 655 662 513.
511 648 655 512.
510 641 648 511.
509 634 641 510.
508 627 634 509.
676 677 684 683.
677 678 685 684.
678 679 686 685.
679 680 687 686.
680 681 688 687.
681 682 689 688.
683 684 691 690.
684 685 692 691.
685 686 693 692.
686 687 694 693.
687 688 695 694.
688 689 696 695.
690 691 698 697.
691 692 699 698.
692 693 700 699.
693 694 701 700.
694 695 702 701.
695 696 703 702.
697 698 705 704.
698 699 706 705.
699 700 707 706.
700 701 708 707.
701 702 709 708.
702 703 710 709.
704 705 712 711.
705 706 713 712.
706 707 714 713.
707 708 715 714.
708 709 716 715.
709 710 717 716.
711 712 719 718.
712 713 720 719.
713 714 721 720.
714 715 722 721.
715 716 723 722.
716 717 724 723.
388 500 676 501.
500 499 677 676.
499 498 678 677.
498 497 679 678.
497 496 680 679.
496 495 681 680.
495 494 682 681.
494 382 466 682.
682 466 467 689.
689 467 468 696.
696 468 469 703.
703 469 470 710.
710 470 471 717.
717 471 472 724.
724 472 378 402.
723 724 402 401.
722 723 401 400.
721 722 400 399.
720 721 399 398.
719 720 398 397.
718 719 397 396.
507 718 396 385.
506 711 718 507.
505 704 711 506.
504 697 704 505.
503 690 697 504.
502 683 690 503.
501 676 683 502.
725 726 733 732.
726 727 734 733.
727 728 735 734.
728 729 736 735.
729 730 737 736.
730 731 738 737.
732 733 740 739.
733 734 741 740.
734 735 742 741.
735 736 743 742.
736 737 744 743.
737 738 745 744.
739 740 747 746.
740 741 748 747.
741 742 749 748.
742 743 750 749.
743 744 751 750.
744 745 752 751.
746 747 754 753.
747 748 755 754.
748 749 756 755.
749 750 757 756.
750 751 758 757.
751 752 759 758.
753 754 761 760.
754 755 762 761.
755 756 763 762.
756 757 764 763.
757 758 765 764.
758 759 766 765.
760 761 768 767.
761 762 769 768.
762 763 770 769.
763 764 771 770.
764 765 772 771.
765 766 773 772.
379 423 725 389.
423 422 726 725.
422 421 727 726.
421 420 728 727.
420 419 729 728.
419 418 730 729.
418 417 731 730.
417 383 444 731.
731 444 443 738.
738 443 442 745.
745 442 441 752.
752 441 440 759.
759 440 439 766.
766 439 438 773.
773 438 381 465.
772 773 465 464.
771 772 464 463.
770 771 463 462.
769 770 462 461.
768 769 461 460.
767 768 460 459.
395 767 459 377.
394 760 767 395.
393 753 760 394.
392 746 753 393.
391 739 746 392.
390 732 739 391.
389 725 732 390.
774 775 782 781.
775 776 783 782.
776 777 784 783.
777 778 785 784.
778 779 786 785.
779 780 787 786.
781 782 789 788.
782 783 790 789.
783 784 791 790.
784 785 792 791.
785 786 793 792.
786 787 794 793.
788 789 796 795.
789 790 797 796.
790 791 798 797.
791 792 799 798.
792 793 800 799.
793 794 801 800.
795 796 803 802.
796 797 804 803.
797 798 805 804.
798 799 806 805.
799 800 807 806.
800 801 808 807.
802 803 810 809.
803 804 811 810.
804 805 812 811.
805 806 813 812.
806 807 814 813.
807 808 815 814.
809 810 817 816.
810 811 818 817.
811 812 819 818.
812 813 820 819.
813 814 821 820.
814 815 822 821.
384 430 774 445.
430 429 775 774.
429 428 776 775.
428 427 777 776.
427 426 778 777.
426 425 779 778.
425 424 780 779.
424 380 409 780.
780 409 408 787.
787 408 407 794.
794 407 406 801.
801 406 405 808.
808 405 404 815.
815 404 403 822.
822 403 378 472.
821 822 472 471.
820 821 471 470.
819 820 470 469.
818 819 469 468.
817 818 468 467.
816 817 467 466.
451 816 466 382.
450 809 816 451.
449 802 809 450.
448 795 802 449.
447 788 795 448.
446 781 788 447.
445 774 781 446.
823 824 831 830.
824 825 832 831.
825 826 833 832.
826 827 834 833.
827 828 835 834.
828 829 836 835.
830 831 838 837.
831 832 839 838.
832 833 840 839.
833 834 841 840.
834 835 842 841.
835 836 843 842.
837 838 845 844.
838 839 846 845.
839 840 847 846.
840 841 848 847.
841 842 849 848.
842 843 850 849.
844 845 852 851.
845 846 853 852.
846 847 854 853.
847 848 855 854.
848 849 856 855.
849 850 857 856.
851 852 859 858.
852 853 860 859.
853 854 861 860.
854 855 862 861.
855 856 863 862.
856 857 864 863.
858 859 866 865.
859 860 867 866.
860 861 868 867.
861 862 869 868.
862 863 870 869.
863 864 871 870.
381 458 823 465.
458 457 824 823.
457 456 825 824.
456 455 826 825.
455 454 827 826.
454 453 828 827.
453 452 829 828.
452 388 501 829.
829 501 502 836.
836 502 503 843.
843 503 504 850.
850 504 505 857.
857 505 506 864.
864 506 507 871.
871 507 385 479.
870 871 479 478.
869 870 478 477.
868 869 477 476.
867 868 476 475.
866 867 475 474.
865 866 474 473.
459 865 473 377.
460 858 865 459.
461 851 858 460.
462 844 851 461.
463 837 844 462.
464 830 837 463.
465 823 830 464.
872 873 880 879.
873 874 881 880.
874 875 882 881.
875 876 883 882.
876 877 884 883.
877 878 885 884.
879 880 887 886.
880 881 888 887.
881 882 889 888.
882 883 890 889.
883 884 891 890.
884 885 892 891.
886 887 894 893.
887 888 895 894.
888 889 896 895.
889 890 897 896.
890 891 898 897.
891 892 899 898.
893 894 901 900.
894 895 902 901.
895 896 903 902.
896 897 904 903.
897 898 905 904.
898 899 906 905.
900 901 908 907.
901 902 909 908.
902 903 910 909.
903 904 911 910.
904 905 912 911.
905 906 913 912.
907 908 915 914.
908 909 916 915.
909 910 917 916.
910 911 918 917.
911 912 919 918.
912 913 920 919.
383 437 872 444.
437 436 873 872.
436 435 874 873.
435 434 875 874.
434 433 876 875.
433 432 877 876.
432 431 878 877.
431 387 508 878.
878 508 509 885.
885 509 510 892.
892 510 511 899.
899 511 512 906.
906 512 513 913.
913 513 514 920.
920 514 388 452.
919 920 452 453.
918 919 453 454.
917 918 454 455.
916 917 455 456.
915 916 456 457.
914 915 457 458.
438 914 458 381.
439 907 914 438.
440 900 907 439.
441 893 900 440.
442 886 893 441.
443 879 886 442.
444 872 879 443.
921 922 929 928.
922 923 930 929.
923 924 931 930.
924 925 932 931.
925 926 933 932.
926 927 934 933.
928 929 936 935.
929 930 937 936.
930 931 938 937.
931 932 939 938.
932 933 940 939.
933 934 941 940.
935 936 943 942.
936 937 944 943.
937 938 945 944.
938 939 946 945.
939 940 947 946.
940 941 948 947.
942 943 950 949.
943 944 951 950.
944 945 952 951.
945 946 953 952.
946 947 954 953.
947 948 955 954.
949 950 957 956.
950 951 958 957.
951 952 959 958.
952 953 960 959.
953 954 961 960.
954 955 962 961.
956 957 964 963.
957 958 965 964.
958 959 966 965.
959 960 967 966.
960 961 968 967.
961 962 969 968.
379 416 921 423.
416 415 922 921.
415 414 923 922.
414 413 924 923.
413 412 925 924.
412 411 926 925.
411 410 927 926.
410 386 515 927.
927 515 516 934.
934 516 517 941.
941 517 518 948.
948 518 519 955.
955 519 520 962.
962 520 521 969.
969 521 387 431.
968 969 431 432.
967 968 432 433.
966 967 433 434.
965 966 434 435.
964 965 435 436.
963 964 436 437.
417 963 437 383.
418 956 963 417.
419 949 956 418.
420 942 949 419.
421 935 942 420.
422 928 935 421.
423 921 928 422.
970 971 978 977.
971 972 979 978.
972 973 980 979.
973 974 981 980.
974 975 982 981.
975 976 983 982.
977 978 985 984.
978 979 986 985.
979 980 987 986.
980 981 988 987.
981 982 989 988.
982 983 990 989.
984 985 992 991.
985 986 993 992.
986 987 994 993.
987 988 995 994.
988 989 996 995.
989 990 997 996.
991 992 999 998.
992 993 1000 999.
993 994 1001 1000.
994 995 1002 1001.
995 996 1003 1002.
996 997 1004 1003.
998 999 1006 1005.
999 1000 1007 1006.
1000 1001 1008 1007.
1001 1002 1009 1008.
1002 1003 1010 1009.
1003 1004 1011 1010.
1005 1006 1013 1012.
1006 1007 1014 1013.
1007 1008 1015 1014.
1008 1009 1016 1015.
1009 1010 1017 1016.
1010 1011 1018 1017.
377 473 970 395.
473 474 971 970.
474 475 972 971.
475 476 973 972.
476 477 974 973.
477 478 975 974.
478 479 976 975.
479 385 522 976.
976 522 523 983.
983 523 524 990.
990 524 525 997.
997 525 526 1004.
1004 526 527 1011.
1011 527 528 1018.
1018 528 386 410.
1017 1018 410 411.
1016 1017 411 412.
1015 1016 412 413.
1014 1015 413 414.
1013 1014 414 415.
1012 1013 415 416.
389 1012 416 379.
390 1005 1012 389.
391 998 1005 390.
392 991 998 391.
393 984 991 392.
394 977 984 393.
395 970 977 394.
